learning-rate=0.3
neurons-line=4
neurons-column=5
weight=0.5161196475523415,0.5935213438543735,0.5409841186972333,0.5137833243409189,0.3779351942309259,0.22114105568642906,0.5048961741958714,0.38427575924064605,0.39510772178316644,0.24537116658115832,0.11805390500009505,0.4608753030779874,0.1390457046561817,0.833481757552369,0.4383473508555892,0.5942123957682782,0.36884515729755185,0.36936229033862855,0.8905774545716132,0.4505772802645158,0.3720984218923905,0.14641773583557516,0.7718982047080921,0.9524916318040295,0.025327485592850807,0.8598085754467257,0.009185896176232333,0.10573634042668856,0.7609619222318882,0.040277445827933134,0.24441647030984404,0.9668948535337508,0.007664588148080909,0.9594999848656773,0.5321382507264427,0.8462909878696111,0.9569406668795505,0.08084292491464717,0.5473868794938985,0.8382704802042972,0.701348924019321,0.8296079232675214,0.2228954573494224,0.42409652475399984,0.8882662090143767,0.31328467681277805,0.16121200086608767,0.20229895252951746,0.03803994774055419,0.6350323723197756,3.433566388704179E-4,0.7671375533828055,0.5864950618189065,0.6125539244313053,0.15080269760425868,0.37791059699515195,0.5291457938965053,0.0397222287016511,0.9674458946544184,0.340158920742526
radius=1