learning-rate=0.5517820314689292
neurons-line=6
neurons-column=6
weight=0.5676881723312561,0.39234665184368345,0.3883442694174267,0.6428781787746141,0.12334419493540216,0.9815595552269232,0.02221349089620439,0.7178541465644737,0.9328855946020937,0.7505423497590028,0.5722927338087155,0.9173635032358893,0.906285800392864,0.7995578888406624,0.6815962233940334,0.3125293719202995,0.31344598793465184,0.19232657483857563,0.9728572869776106,0.2754548792110165,0.24493886929070818,0.5254749219243127,0.816283161856116,0.23332638555618235,0.4845727101008046,0.9993812169996463,0.3206689481146022,0.674539359331106,0.022566261164585155,0.7165228986924003,0.6169928786155368,0.6178152369000082,0.4391009542078115,0.535969861081576,0.2702171484263739,0.7484408055573181,0.170244313616415,0.44645606592831755,0.7028690611364555,0.9501768957820479,0.2317140839365036,0.08550178869771141,0.8430804119825561,0.017046048100539224,0.32067992632050923,0.7283470575849194,0.8201126981769206,0.916123649369773,0.341775670914792,0.7979969175840623,0.42199918217768606,0.09062104184948794,0.3107216804611276,0.7064669953426169,0.2027847471913059,0.9419625344451291,0.2774336745073396,0.6273579701796795,0.5809473430539573,0.8102232496435327,0.3802208620502531,0.621176038306765,0.005935498804481409,0.4842080883772588,0.39365250767295634,0.38735576456756493,0.28635842221151175,0.5156163364401786,0.16489902125887945,0.8007303885945263,0.4712166940023319,0.3861507505724352,0.14682994326062104,0.30523444850222947,0.25466285318850257,0.8820936793849876,0.830877973463497,0.1839119122982985,0.7351330643561478,0.8677869816873601,0.2586544628346561,0.7018423535858909,0.5012925299068389,0.01761674058098539,0.9485287474811989,0.12738703077640579,0.4400888815389272,0.9655174547393318,0.5118597714319624,0.6771951636595586,0.3663089342082947,0.7616747405100945,0.9532955878607724,0.5017006021738813,0.5583866707388497,0.48801964616975524,0.15053235601332193,0.9303772756366732,0.5518109424170214,0.37727156714493837,0.29115133043868135,0.32981150027810613,0.08933341345764301,0.8047008904218573,0.1076287588576108,0.09268800959264478,0.9562788229211466,0.07744661947387599 
radius=2
