learning-rate=0.1
neurons-line=4
neurons-column=4
weight=0.0015296810115700277,0.05316212003198861,0.4657494915739031,0.023258267381111697,0.03654539192518946,0.2916029886039614,0.0565824915780927,0.5695202443545818,0.8627468557392438,0.6439101569650177,0.21744694581464918,0.33298919461967713,0.752590504454803,0.3154554283316985,0.9353121026317917,0.019028532488058247,0.6110394416781572,0.21040307399849956,0.656723947957363,0.7671279051727858,0.8110010891293425,0.06032326051187997,0.23028750144737864,0.5536337062282682,0.6575956364337336,0.3871800635325686,0.45699907144270846,0.5149288180401161,0.8496941912058278,0.18988443627346407,0.9415745332353233,0.4244906090839372,0.02689167095969014,0.3148920735707841,0.923270511146841,0.5191700856520446,0.9910567428212598,0.5738650213178247,0.03129783963235022,0.36319938756251546,0.47382668505438397,0.805204512593927,0.45777720125717525,0.46284882266146254,0.38489247742256794,0.24130255018723812,0.870289457970393,0.9003183706079129
radius=0