learning-rate=0.8662815917277779
neurons-line=5
neurons-column=5
weight=0.5133192328424415,0.6715166517837792,0.8959103398884406,0.42635049275830517,0.6020985359180561,0.6655196629819358,0.5192331435394911,0.8518028203360282,0.5730663493693818,0.9266234785440128,0.4041520035281666,0.48140926512979876,0.7180590614077675,0.23847702133964888,0.8657581798081233,0.03704840669999676,0.4403410940638338,0.9401397839212516,0.3475011707257337,0.008524467145541115,0.4677905339639482,0.7531488935686698,0.7420521341522344,0.44233520527228365,0.10670452198595848,0.8604866284992201,0.02746076354882898,0.9871163632108078,0.5389406632097575,0.47576050706437767,0.3194660457733419,0.9892504383807846,0.8067117958155323,0.009071555044558033,0.09804801119812723,0.940916332451244,0.05220375159277957,0.3354608066220298,0.804784317501835,0.12289530315888209,0.783286330878744,0.6024878880325324,0.22730198829910653,0.855738359577929,0.4219402667315164,0.47540977195456025,0.08809088638462159,0.37543865091789197,0.15862375657147532,0.7115916856299744,0.03717265637825384,0.9835417234327344,0.1836542193307884,0.48019645157866064,0.8115949411119622,0.7866655674638117,0.6957820124566519,0.8988623276025605,0.6694473440276719,0.036691668549831524,0.6984849275765938,0.8459937058494924,0.33207239932162247,0.8104266357284902,0.48611351360834876,0.22545297965858946,0.5753711563303467,0.5263240441317948,0.8948688287742754,0.5098559834752121,0.2995793764449356,0.5858943363628873,0.847696008954042,0.5693373423794705,0.3766175247215682 
radius=1
