learning-rate=0.2625656059885696
neurons-line=6
neurons-column=6
weight=0.5798380095953348,0.0059029178287021145,0.4563082733662044,0.3953306036755806,0.7701462144558927,0.2399974464554555,0.6707756246785141,0.7276345177256981,0.6033133977444559,0.011895665118224708,0.2257565431234244,0.021588449635476903,0.12465050079624351,0.8161619982156283,0.6491850759570654,0.6449474148181737,0.089857575153798,0.871404326805299,0.44151796377401775,0.3693391907136332,0.8158712398023124,0.3163949370074709,0.9250834725868571,0.5723517697434197,0.9313714255000343,0.9978439624987512,0.8483292432483783,0.2455223705936258,0.854858524833545,0.23364564821723188,0.6241500366559566,0.8253482337465461,0.6260640980049758,0.20983044521846494,0.3949529150525297,0.2794787689191076,0.7955594761481789,0.475120982426672,0.21184385532576622,0.3265375824260547,0.43777850589429834,0.3339036692300813,0.4912964120351411,0.14556172988797766,0.994271934958397,0.806591553589593,0.5698895379426562,0.4398349890087344,0.5768625023721308,0.22576863000787595,0.6161783112088748,0.25993077665609765,0.5644718772591509,0.46716931690563235,0.37848790252553166,0.5620694233620848,0.8127413836994793,0.2764610918124776,0.24839758268459478,0.08043355369099958,0.5621704596515986,0.14596264455173513,0.9019080853440516,0.7258746454304501,0.17834854988149373,0.7198434445082932,0.34376255867075767,0.3884823366564113,0.18695707504338577,0.7620149274419067,0.5251172475100833,0.7177779078784664,0.6765702631241929,0.30783775567994787,0.8307354332447718,0.18183151704649436,0.033884919042584394,0.7389333011552665,0.6391039966256274,0.4653927248692964,0.14886077577210977,0.16980171653015141,0.8473488374852955,0.05716218939191209,0.6813548116281655,0.7156133826419748,0.722552136994056,0.6976218292118355,0.7161841180647629,0.9224537798131431,0.6920505614425785,0.2113800172886222,0.1501539909806574,0.8844666680011187,0.7175205609640899,0.13177663755145885,0.4524388546763173,0.3467541643121852,0.7111328557771084,0.4405329456557693,0.018805855023866114,0.3985563810825792,0.046785812956973816,0.6915194873995257,0.20052192901298715,0.19814736101358388,0.5954023472907668,0.7652545554939596
radius=1
