learning-rate=0.5980629675758204
neurons-line=5
neurons-column=5
weight=0.9904431221754768,0.058419628675055346,0.5964799270353093,0.9712589247325129,0.30724091333746106,0.7867095255413913,0.31191326250158746,0.5830252342371924,0.6556794171484654,0.07920234100598555,0.812455901402099,0.7555775353341283,0.08407652596097093,0.2921902499455237,0.4357127955265274,0.9231154237863052,0.48600130234151195,0.9289386819751072,0.2403166997734444,0.9553698417591495,0.5769270260117775,0.6077748770247778,0.6490627654323364,0.2988753922688888,0.07250731232556118,0.35537247988557763,0.7400925257690942,0.1697726638296726,0.19399401510650138,0.7328314045831238,0.9371343265249854,0.23200854827606154,0.7601045861003392,0.8500032585131677,0.8742213337413599,0.25828025086967654,0.28968625893469824,0.15261423647195071,0.7659721807159652,0.11579366844562944,0.7358124433410551,0.9770894121215933,0.7014339740502987,0.04488493447450559,0.6994870191864878,0.2595830703148766,0.8976504112774145,0.6057794625620774,0.22992002631422825,0.45857205869219675,0.09853267123891851,0.857239666185823,0.6083784428828685,0.7044704833529765,0.9852747664937159,0.30057939597369643,0.8339040104875366,0.42507531036292656,0.676468403205655,0.8734990479909458,0.8817293492723849,0.21225436704995404,0.13923728354442189,0.8104227160067252,0.18901301643263935,0.49313974687813167,0.6071242880162696,0.49949446891295535,0.23755263897381562,0.6481911264034912,0.9061294894053736,0.5611180500141881,0.5494246887929688,0.5788448086923746,0.9272104495948698 
radius=2
