learning-rate=0.6931123964217513
neurons-line=6
neurons-column=6
weight=0.9524815025491049,0.8148824218055142,0.3018831245126099,0.4947784524195914,0.24810660512816696,0.9193922600032474,0.40288475192784556,0.5776531081289579,0.8107285740326966,0.3274840668622495,0.898830990112574,0.285541593060205,0.26365242359046415,0.31817340792354976,0.2984974232627199,0.11691737998421003,0.7162299897584425,0.6628513052143205,0.9535001874590795,0.26179299424161095,0.9850025977067467,0.15834284679971578,0.34652451078057067,0.9182832516736595,0.9226559919944225,0.4787529346514626,0.9484400372990078,0.6923758811307212,0.49397741666193107,0.7892458574581133,0.6277317632340483,0.9190744054548273,0.30929549782843346,0.550255103218412,0.557589823968699,0.24405544907573706,0.42842088072827234,0.20722297682055335,0.059165049493630884,0.08720844681521667,0.38189614187524246,0.008819976334354385,0.8439114942670315,0.6729033105159716,0.521401479048985,0.02569621719744164,0.6736009874633933,0.1565569890898526,0.007452308984909561,0.5521683913201109,0.5435093630346935,0.003047474060623223,0.9700638802386223,0.4648473580873129,0.11243716584554653,0.1797496780496931,0.6368470072401738,0.785063024364257,0.25264273253831815,0.9154443854243106,0.5130378126339475,0.6460449044318197,0.273428724531834,0.7460782782294355,0.019254180314244307,0.10116807714402232,0.5840379027275644,0.3193291016964743,0.34530999752180636,0.7261757874598891,0.30467743727638485,0.9621571104013038,0.6622072871252469,0.7661420453850699,0.6089057402341383,0.3290000764783898,0.2494661795875308,0.6570381114974747,0.3862792205125042,0.5429961035243711,0.5412407851115721,0.11211956912542342,0.15107096280587096,0.118594545408511,0.5722086932272932,0.6049511346353293,0.9910369197731566,0.6111426090149736,0.8130106803405027,0.0037386363949970525,0.7496197168267763,0.3775108927523422,0.9250563183952959,0.3157388685876087,0.5656440219061386,0.05154850143808931,0.5358001474750139,0.9858695647590903,0.3564712246366013,0.33913436855716583,0.738132378719276,0.9602434483808301,0.823745943378026,0.519818407991434,0.6513167627907362,0.7732017716669823,0.08528011655369094,0.605522097463571 
radius=1
